
******************************************************************************
This program contains Ipopt, a library for large-scale nonlinear optimization.
 Ipopt is released as open source code under the Eclipse Public License (EPL).
         For more information visit https://github.com/coin-or/Ipopt
******************************************************************************

[v,w] [ 0.1       -0.0036711]
0
0.17299985885620117
[ 0.33192576  0.6140918  -0.00879534] 0.6980569047302866 0.00879534369565671
======================
[v,w] [ 0.10000001 -0.00175732]
1
0.02162790298461914
[0.24468551 0.34574659 0.00260842] 1.1216270892374933 0.011403765901049745
======================
[v,w] [0.3120969  0.02702973]
2
0.02084970474243164
[0.18629926 0.26711079 0.02434653] 1.447288860571774 0.03575029898839199
======================
[v,w] [ 0.42798151 -0.07566253]
3
0.020364046096801758
[ 0.14595839  0.23368482 -0.00190647] 1.722810996849946 0.03765676653203509
======================
[v,w] [ 0.4485245  -0.10522241]
4
0.020507097244262695
[ 0.10430083  0.14620207 -0.03624723] 1.9024041750815037 0.07390399675214776
======================
[v,w] [ 0.53922812 -0.08234334]
5
0.020041942596435547
[ 0.08889416  0.13270382 -0.05151201] 2.062130428824142 0.12541600184882296
======================
[v,w] [ 0.4957587  -0.13301876]
6
0.01984691619873047
[ 0.10694457  0.12570834 -0.08112472] 2.2271750554796594 0.20654071738132773
======================
[v,w] [ 0.41531778 -0.14400356]
7
0.019502878189086914
[ 0.14703618  0.17183152 -0.10484626] 2.45332923233477 0.3113869739058446
======================
[v,w] [ 0.22671667 -0.22616865]
8
0.020654916763305664
[ 0.11423095  0.00650945 -0.15080344] 2.567745504555687 0.46219041068072086
======================
[v,w] [ 0.39609912 -0.23321447]
9
0.02112579345703125
[ 0.1342649   0.01152658 -0.16769799] 2.702504268704496 0.6298883965624561
======================
[v,w] [ 0.25424192 -0.42803032]
10
0.021110057830810547
[ 0.11218787  0.00877444 -0.24849118] 2.8150347505525337 0.8783795803073355
======================
[v,w] [ 0.12715122 -0.56708541]
11
0.021399259567260742
[ 0.05214509 -0.04326209 -0.33158235] 2.8827895993887407 1.2099619323017405
======================
[v,w] [ 0.12798969 -0.65448988]
12
0.023618221282958984
[ 0.00817952 -0.06647317 -0.37942539] 2.949764121050945 1.5893873182082117
======================
[v,w] [ 0.12207076 -0.65879841]
13
0.022775888442993164
[-0.03936228 -0.09507589 -0.35877661] 3.052666085641944 1.9481639264803
======================
[v,w] [ 0.1693054  -0.56302478]
14
0.021813154220581055
[ 0.00781773 -0.15230192 -0.28408666] 3.2051685129102205 2.2322505869449136
======================
[v,w] [ 0.10000003 -0.4643452 ]
15
0.023773908615112305
[ 0.0374798  -0.11144961 -0.24062321] 3.3227514671680463 2.472873799053744
======================
[v,w] [ 0.10000001 -0.41373754]
16
0.02231001853942871
[ 0.03226509 -0.01651202 -0.25188154] 3.358996225763032 2.7247553383421166
======================
[v,w] [ 0.10000008 -0.58837206]
17
0.02188587188720703
[-0.04871739  0.11058254 -0.40515972] 3.4798344752865265 3.1299150549979458
======================
[v,w] [ 0.42956645 -0.37337569]
18
0.02592301368713379
[-0.10823828  0.1164468  -0.48609431] 3.6388168089257293 3.6160093611736186
======================
[v,w] [ 0.65688489 -0.07363138]
19
0.021458864212036133
[-0.1945559  -0.01234771 -0.44670839] 3.8337641499788373 4.062717748863687
======================
[v,w] [1.00000001 0.70718833]
20
0.04744982719421387
[-0.36475127 -0.30551816 -0.03550277] 4.309563303355069 4.098220518466084
======================
[v,w] [0.17414776 0.6202625 ]
21
0.023113012313842773
[-0.34463851 -0.0893      0.32178167] 4.6655832358545855 4.420002191825813
======================
[v,w] [ 1.00000001 -0.17824181]
22
0.029500961303710938
[-0.17960068 -0.31800314  0.27511767] 5.0307987949676924 4.695119865152262
======================
[v,w] [ 0.5114032  -0.36921402]
23
0.019530057907104492
[-0.12015613 -0.23279153  0.12251499] 5.292770914916652 4.8176348520708325
======================
[v,w] [ 0.56687526 -0.19258377]
24
0.019936800003051758
[-0.0675131  -0.20535435  0.05512497] 5.508938505921056 4.872759820486847
======================
[v,w] [ 0.57774405 -0.15601794]
25
0.020917892456054688
[-0.01828126 -0.2632048   0.00760274] 5.772777415833049 4.880362557207921
======================
[v,w] [ 0.46185192 -0.15899482]
26
0.02045893669128418
[-0.05046203 -0.25984497 -0.03736457] 6.03747691622092 4.91772713070038
======================
[v,w] [ 0.44937398 -0.04798782]
27
0.020437955856323242
[-0.05900733 -0.226517   -0.0243562 ] 6.271553433225431 4.942083329714759
======================
[v,w] [ 0.46354763 -0.08974906]
28
0.020865678787231445
[-0.10177181 -0.1844941  -0.03397129] 6.482256007235031 4.976054623760892
======================
[v,w] [ 0.47465945 -0.0397512 ]
29
0.021986007690429688
[-0.13355947 -0.17933295 -0.02178255] 6.705859312550849 4.997837169981629
======================
[v,w] [ 0.42319108 -0.08127166]
30
0.024621009826660156
[-0.1088538  -0.1615546  -0.01265631] 6.900664444645566 5.0104934768663085
======================
[v,w] [ 0.38052797 -0.21957591]
31
0.026823043823242188
[-0.08813483 -0.05660393 -0.06740275] 7.005410583107551 5.077896223757713
======================
[v,w] [ 0.1       -0.7197937]
32
0.026363849639892578
[-0.07070132  0.08665384 -0.3488296 ] 7.117247812350733 5.426725823016678
======================
[v,w] [1.00000001 0.99999998]
33
0.026739835739135742
[-0.32524136 -0.03461867  0.25453226] 7.444326388658516 5.681258082441927
======================
[v,w] [0.46467894 1.00000001]
34
0.024420976638793945
[-0.30648957 -0.15354319  0.89004539] 7.787125704126484 6.571303476264316
======================
[v,w] [0.09999999 1.00000001]
35
0.023416757583618164
[-0.26531685 -0.12677979  1.58665411] 8.081176973073216 8.157957588347891
======================
[v,w] [0.09999999 1.00000001]
36
0.02267909049987793
[-0.0644172  -0.08152052  2.36169877] 8.185076784969878 10.519656353747873
======================
[v,w] [0.09999999 1.00000001]
37
0.02354288101196289
[ 0.11924271 -0.03235164 -3.0745392 ] 8.308630219887783 13.594195555835574
======================
[v,w] [0.09999999 1.00000001]
38
0.022722959518432617
[ 0.32234007 -0.05237991 -2.22111994] 8.635198403241763 15.815315495629251
======================
[v,w] [0.09999999 1.00000001]
39
0.021988868713378906
[ 0.44629563 -0.06544658 -1.42982623] 9.08626718577659 17.245141723395175
======================
[v,w] [0.09999999 1.00000001]
40
0.024613142013549805
[ 0.60026836 -0.10092006 -0.73531903] 9.69496001315882 17.98046075165332
======================
[v,w] [0.25359956 1.00000001]
41
0.023537874221801758
[ 0.68330027 -0.10069424 -0.09428143] 10.385639814987726 18.07474218171147
======================
[v,w] [1.         0.64577239]
42
0.023148059844970703
[0.4836442  0.11869007 0.32360713] 10.883634837030943 18.39834931409324
======================
[v,w] [ 1.         -0.25632913]
43
0.020823001861572266
[0.12712235 0.20810605 0.25945642] 11.127495905593547 18.65780573854419
======================
[v,w] [ 0.72212748 -0.37907511]
44
0.020340919494628906
[-0.07722568  0.26626429  0.11530712] 11.404733123200772 18.77311285425626
======================
[v,w] [ 0.44440533 -0.23407725]
45
0.02063274383544922
[-0.09921515  0.26957052  0.03618393] 11.691981986430244 18.809296783027513
======================
[v,w] [ 0.46642542 -0.09036401]
46
0.019893169403076172
[-0.17903851  0.18095741  0.01625451] 11.946541160687925 18.825551290837538
======================
[v,w] [ 0.53587981 -0.20683877]
47
0.020280838012695312
[-0.2145988   0.17671085 -0.06623657] 12.22453283369899 18.891787861267943
======================
[v,w] [ 0.57654601 -0.07581673]
48
0.022689104080200195
[-0.19714794  0.25097592 -0.09573988] 12.543682050963245 18.98752773707443
======================
[v,w] [0.51411472 0.07708397]
49
0.022470951080322266
[-0.14894284  0.24112424 -0.05175699] 12.827098469369632 19.03928472909091
======================
[v,w] [0.55578253 0.07747163]
50
0.03322100639343262
[-0.06477689  0.31427789 -0.00648011] 13.147982620120281 19.045764839355357
======================
[v,w] [0.47432712 0.19118472]
51
0.024975061416625977
[0.01057591 0.32094004 0.08555112] 13.469096864937265 19.13131596360254
======================
[v,w] [0.50648139 0.16787063]
52
0.024056196212768555
[0.07761408 0.22393566 0.16327722] 13.706101342528223 19.294593188429992
======================
[v,w] [0.69352938 0.05814343]
53
0.02295708656311035
[0.03167163 0.32680251 0.18129457] 14.034434972389409 19.475887754060274
======================
[v,w] [0.46450313 0.12113773]
54
0.022794008255004883
[0.01485448 0.28426259 0.2241707 ] 14.319085415853602 19.700058452449657
======================
[v,w] [0.48126231 0.02871625]
55
0.02399897575378418
[-0.05609652  0.20218319  0.20658885] 14.52890644343576 19.9066473058848
======================
[v,w] [ 0.45175202 -0.0414773 ]
56
0.02765798568725586
[-0.05054959  0.13612278  0.15247377] 14.674112068534829 20.059121080554572
======================
[v,w] [0.45042387 0.09163615]
57
0.028575897216796875
[-0.06170351  0.0948489   0.14333524] 14.787265227043088 20.202456321118746
======================
[v,w] [0.20872893 0.91079311]
58
0.03174185752868652
[-0.07125469  0.01629479  0.52572534] 14.86035934856808 20.72818166123985
======================
[v,w] [ 1. -1.]
59
0.024268150329589844
[-0.45014665  0.02186461 -0.07161986] 15.311036692429614 20.799801521796173
======================
[v,w] [ 0.16805359 -1.00000001]
60
0.023877859115600586
[-0.41216717  0.05625305 -0.70678494] 15.727024889515256 21.506586458235187
======================
[v,w] [ 0.09999999 -1.00000001]
61
0.02291417121887207
[-0.38261437  0.012149   -1.40188119] 16.1098320904308 22.908467645032147
======================
[v,w] [ 0.09999999 -1.00000001]
62
0.02382802963256836
[-0.30500374 -0.05485516 -2.18106174] 16.419729438979658 25.089529380645672
======================
[v,w] [0.09999999 1.00000001]
63
0.022269010543823242
[-0.20596735 -0.01956005 -2.02611579] 16.62662348111158 27.115645170244278
======================
[v,w] [0.09999999 1.00000001]
64
0.02236795425415039
[-0.10371519  0.06205466 -1.87733844] 16.747485476372628 28.99298361248378
======================
[v,w] [0.09999999 1.00000001]
65
0.022133827209472656
[-0.06274145  0.14258373 -1.65534999] 16.903262913531552 30.648333603810137
======================
[v,w] [0.09999999 1.00000001]
66
0.02153921127319336
[ 0.00950903  0.26230474 -1.35667171] 17.165739959479513 32.00500531232104
======================
[v,w] [0.09999999 1.00000001]
67
0.021351099014282227
[-0.07251775  0.38048805 -0.99702865] 17.553076999190182 33.00203396564709
======================
[v,w] [0.09999999 1.00000001]
68
0.022129058837890625
[-0.08058732  0.4792217  -0.60312012] 18.039027360090014 33.6051540822661
======================
[v,w] [0.25682004 1.00000001]
69
0.022407054901123047
[-0.1463594   0.56538119 -0.17655007] 18.62304531197551 33.78170415162891
======================
[v,w] [0.9999999 1.       ]
70
0.02256488800048828
[-0.29981037  0.26338118  0.26452527] 19.022114111319414 34.04622941830129
======================
[v,w] [0.99999998 0.35073759]
71
0.022856950759887695
[-0.16690445 -0.04184858  0.39463003] 19.194185027224307 34.4408594527747
======================
[v,w] [ 0.81129746 -0.13180532]
72
0.025674819946289062
[-0.09240168 -0.26369568  0.28076561] 19.473601354101017 34.72162506554751
======================
[v,w] [0.39868042 0.13243162]
73
0.023044824600219727
[-0.02819834 -0.26839666  0.3088555 ] 19.7434752380471 35.03048056388623
======================
[v,w] [0.37286585 0.13458226]
74
0.023370027542114258
[ 0.03005619 -0.19557227  0.34681708] 19.941343592718464 35.377297643587966
======================
[v,w] [0.42778603 0.19694271]
75
0.022581100463867188
[ 0.08508589 -0.171581    0.41929855] 20.132862910822574 35.79659619153408
======================
[v,w] [0.34724989 0.29853056]
76
0.024042844772338867
[ 0.14014227 -0.06344365  0.53804533] 20.286697083878 36.33464151833143
======================
[v,w] [ 1.00000001 -0.64883559]
77
0.042871952056884766
[ 0.4292306  -0.23321967  0.19409144] 20.775195109071657 36.52873296241341
======================
[v,w] [ 0.10000017 -0.82240439]
78
0.02248978614807129
[ 0.42823507 -0.0798671  -0.24872609] 21.210814239929228 36.77745905238822
======================
[v,w] [0.81418814 0.03467121]
79
0.029974699020385742
[ 0.4037959  -0.24769115 -0.26900044] 21.684525158945977 37.04645949688104
======================
[v,w] [0.5394994  0.26193477]
80
0.026232242584228516
[ 0.33201911 -0.2664114  -0.18758732] 22.11021486632914 37.23404682010273
======================
[v,w] [0.36767772 0.35689738]
81
0.02373480796813965
[ 0.29998212 -0.25131623 -0.07021656] 22.501557577054967 37.304263376160925
======================
[v,w] [0.22328773 0.34534847]
82
0.02333211898803711
[ 0.29236191 -0.24549348  0.02623416] 22.883319984330612 37.33049753936889
======================
[v,w] [0.10000003 0.40380266]
83
0.021562814712524414
[ 0.25053276 -0.14379352  0.12550966] 23.17218542369947 37.45600720181956
======================
[v,w] [0.10000003 0.46586499]
84
0.022218942642211914
[ 0.2748636  -0.01762405  0.21489579] 23.447613460292434 37.670902993924486
======================
[v,w] [0.10000005 0.5441487 ]
85
0.02131199836730957
[0.24540487 0.03888613 0.288503  ] 23.696080116456585 37.95940599268985
======================
[v,w] [0.10000001 0.65167991]
86
0.021191835403442383
[0.17124956 0.05682714 0.33747129] 23.87651220133953 38.29687728013413
======================
[v,w] [0.10000001 0.65189424]
87
0.022301912307739258
[0.16634805 0.11707285 0.31913391] 24.07992735908761 38.616011194316805
======================
[v,w] [0.10000002 0.52843901]
88
0.021990060806274414
[0.19447166 0.07953638 0.23503763] 24.290035102473915 38.8510488234739
======================
[v,w] [0.10000002 0.48083021]
89
0.022068023681640625
[0.17470258 0.11923967 0.19133664] 24.501551271892744 39.04238546805832
======================
[v,w] [0.11074442 0.31558641]
90
0.021983861923217773
[0.15544755 0.10968482 0.14344454] 24.691800324327716 39.185830006857216
======================
[v,w] [0.23466066 0.24432835]
91
0.02071237564086914
[0.13509258 0.16250879 0.12672983] 24.903127351459243 39.31255983674027
======================
[v,w] [0.30427048 0.10277969]
92
0.019475936889648438
[0.12008302 0.16026355 0.0868182 ] 25.10338802282765 39.399378039066896
======================
[v,w] [0.39997793 0.08631196]
93
0.01906299591064453
[0.14858049 0.22097167 0.06127149] 25.369667280168947 39.460649530349905
======================
[v,w] [0.37088246 0.07105079]
94
0.019349098205566406
[0.07884766 0.23276849 0.05034121] 25.61542757472364 39.51099073863708
======================
[v,w] [ 0.47113532 -0.04348927]
95
0.019365310668945312
[ 0.05717577  0.28545628 -0.0076617 ] 25.90655359198547 39.518652440269946
======================
[v,w] [ 0.4730103  -0.03093089]
96
0.019622802734375
[ 0.08142086  0.28358018 -0.04876804] 26.201591006212645 39.56742048382264
======================
[v,w] [0.50329084 0.0590468 ]
97
0.020254850387573242
[ 0.09508751  0.23497701 -0.03511357] 26.45507834382678 39.602534051659454
======================
[v,w] [0.58157963 0.06763353]
98
0.020070791244506836
[ 0.07620472  0.20051956 -0.00963138] 26.669590002295415 39.61216542861791
======================
[v,w] [ 0.65716239 -0.00652899]
99
0.0204160213470459
[ 0.01121017  0.2103415  -0.01715499] 26.880230012040922 39.6293204203479
======================
[v,w] [ 0.68090091 -0.11736673]
100
0.019651174545288086
[ 0.0433157   0.25426923 -0.08274469] 27.138162352871053 39.71206510796496
======================
[v,w] [0.6073908  0.00232214]
101
0.020266056060791016
[ 0.10621305  0.31811342 -0.07765517] 27.47353879561621 39.78972028125886
======================
[v,w] [ 0.45083045 -0.00484968]
102
0.019854068756103516
[ 0.09375052  0.23571863 -0.06927464] 27.72721660926507 39.858994921309225
======================
[v,w] [ 0.53409259 -0.0083991 ]
103
0.020071983337402344
[ 0.02783118  0.21584328 -0.06205235] 27.94484678979428 39.921047269224246
======================
[v,w] [ 0.54291672 -0.15251031]
104
0.021363019943237305
[ 0.08761407  0.21576159 -0.12085891] 28.177718614125016 40.041906174241475
======================
[v,w] [ 0.46316026 -0.01002126]
105
0.01985001564025879
[ 0.03322562  0.18371646 -0.10626966] 28.36441537099993 40.14817583686972
======================
[v,w] [ 0.46091106 -0.15346424]
106
0.020071983337402344
[-0.00589063  0.16422877 -0.14526282] 28.528749754603933 40.293438655008
======================
[v,w] [ 0.43599055 -0.19541084]
107
0.01959991455078125
[ 0.02896855  0.17134525 -0.20187807] 28.702526540332393 40.49531672619008
======================
[v,w] [ 0.33215999 -0.17374722]
108
0.019999027252197266
[ 0.04945762  0.12095942 -0.22358363] 28.833206441363814 40.71890035268272
======================
[v,w] [ 0.29015525 -0.23624288]
109
0.021301984786987305
[ 0.06544552  0.10056863 -0.25076297] 28.953194628011865 40.969663319257634
======================
[v,w] [ 0.19023778 -0.37883083]
110
0.02121591567993164
[-0.02286407  0.0735796  -0.30295491] 29.030244762095837 41.27261822449489
======================
[v,w] [ 0.20168447 -0.56219478]
111
0.020794153213500977
[-0.04051071  0.00200781 -0.37958671] 29.070805192621332 41.652204935491625
======================
[v,w] [ 0.22729057 -0.6232134 ]
112
0.02182602882385254
[-0.03419059 -0.07579929 -0.40978608] 29.153958832840193 42.0619910157742
======================
[v,w] [ 0.21307688 -0.60676158]
113
0.022396087646484375
[-0.06004696 -0.12097732 -0.36315287] 29.28901863065987 42.425143888340536
======================
[v,w] [ 0.21382764 -0.53232529]
114
0.022554874420166016
[-0.00959545 -0.15503519 -0.27978109] 29.444350475064166 42.70492497442492
======================
[v,w] [ 0.10000005 -0.46908563]
115
0.023082971572875977
[-0.05102989 -0.12481907 -0.23512706] 29.57919797888235 42.9400520313432
======================
[v,w] [ 0.13783302 -0.41297006]
116
0.02329230308532715
[-0.10876367 -0.12105638 -0.25094816] 29.741937596743732 43.19100019574764
======================
[v,w] [ 0.23376343 -0.30189338]
117
0.02186870574951172
[-0.10992417 -0.1000802  -0.2605674 ] 29.890596170268207 43.451567598278
======================
[v,w] [ 0.19975088 -0.36383067]
118
0.023151159286499023
[-0.20231044  0.004797   -0.34287433] 30.09296347196257 43.79444192957081
======================
[v,w] [ 0.6182941  -0.19665816]
119
0.023546218872070312
[-0.26282412 -0.12580145 -0.36428427] 30.384343848994515 44.1587261992591
======================
[v,w] [0.74101943 0.66091203]
120
0.025661230087280273
[-0.34935368 -0.34017899  0.02038751] 30.871960234166156 44.1791137134657
======================
[v,w] [0.19788703 0.49836863]
121
0.022001981735229492
[-0.30329406 -0.25739026  0.31856979] 31.269750426020924 44.49768349982829
======================
[v,w] [ 0.75481283 -0.33324853]
122
0.021410703659057617
[-0.20578141 -0.4097678   0.19224834] 31.728286833617076 44.68993183783848
======================
[v,w] [ 0.36961376 -0.13904336]
123
0.020608901977539062
[-0.19845862 -0.31645257  0.15831836] 32.10182137667697 44.84825019347013
======================
[v,w] [ 0.4851868 -0.1197009]
124
0.019984006881713867
[-0.14888291 -0.23079673  0.1329397 ] 32.37647251869127 44.981189894759446
======================
[v,w] [ 0.57879672 -0.17713882]
125
0.022582054138183594
[-0.120868   -0.20506751  0.07688875] 32.61450982164212 45.05807864064433
======================
[v,w] [ 0.58064279 -0.12624036]
126
0.02197718620300293
[-0.07277992 -0.27921729  0.046778  ] 32.90305654508241 45.10485664300113
======================
[v,w] [ 0.42376265 -0.16914482]
127
0.02074599266052246
[-0.06582395 -0.29160722 -0.00267735] 33.202000627672085 45.10753399086423
======================
[v,w] [ 0.36319038 -0.12875529]
128
0.021830081939697266
[-0.02821268 -0.21627601 -0.02230751] 33.42010901614769 45.12984150467546
======================
[v,w] [ 0.41973022 -0.1891514 ]
129
0.022702932357788086
[-0.00784748 -0.19591723 -0.07801397] 33.616183352531344 45.207855471987386
======================
[v,w] [ 0.39459089 -0.17627887]
130
0.02540898323059082
[-0.02127405 -0.2055309  -0.12066578] 33.822812335282734 45.32852125626918
======================
[v,w] [ 0.31329848 -0.16846878]
131
0.027469158172607422
[-0.06975733 -0.17054703 -0.14822391] 34.00707403515141 45.47674516653977
======================
[v,w] [ 0.2846716  -0.16811891]
132
0.03167104721069336
[-0.09818585 -0.12711494 -0.16087846] 34.16769367817434 45.637623629180624
======================
[v,w] [0.82879596 1.00000001]
133
0.028026819229125977
[-0.32856626 -0.38267371  0.43442627] 34.672069484339154 46.07204989729057
======================
[v,w] [0.09999999 1.00000001]
134
0.0240478515625
[-0.28117172 -0.25023722  1.07134379] 35.0484684759004 47.14339368642075
======================
[v,w] [0.09999999 1.00000001]
135
0.023256778717041016
[-0.25672054 -0.17023422  1.77617082] 35.35650276543081 48.91956450987303
======================
[v,w] [0.09999999 1.00000001]
136
0.023540019989013672
[-0.14293206 -0.1134084   2.55519637] 35.53896108983281 51.474760880421414
======================
[v,w] [0.09999999 1.00000001]
137
0.021728038787841797
[-0.03601244 -0.0736636  -2.88105967] 35.62095634292807 54.35582055192745
======================
[v,w] [0.09999999 1.00000001]
138
0.021615028381347656
[ 0.07077227 -0.06294333 -2.02960643] 35.7156694714888 56.38542698415263
======================
[v,w] [0.09999999 1.00000001]
139
0.021136045455932617
[ 0.19618537 -0.05708064 -1.24556726] 35.9199900466683 57.63099424062554
======================
[v,w] [0.09999999 1.00000001]
140
0.02217388153076172
[ 0.33052849 -0.05362468 -0.5500938 ] 36.25484029116503 58.1810880446744
======================
[v,w] [0.42623123 0.99999995]
141
0.021576881408691406
[ 0.34173992 -0.00407872  0.08759131] 36.59660454733507 58.26867935640949
======================
[v,w] [ 0.99999993 -0.14510033]
142
0.020915985107421875
[0.09936705 0.24818892 0.11501249] 36.86394617911252 58.38369184882509
======================
[v,w] [ 0.57139398 -0.12359417]
143
0.01934528350830078
[0.07365474 0.25273257 0.11100038] 37.12719278144421 58.49469222978045
======================
[v,w] [ 0.57502963 -0.09072028]
144
0.019314050674438477
[0.01919098 0.33743909 0.11848435] 37.46517715047358 58.613176579925074
======================
[v,w] [ 0.4652571  -0.06119485]
145
0.01964092254638672
[0.06930304 0.31654922 0.12161278] 37.78922393995284 58.73478936102181
======================
[v,w] [0.54545163 0.13300043]
146
0.02182483673095703
[0.0883798  0.27636561 0.21819489] 38.07937724268904 58.95298425491324
======================
[v,w] [ 0.94856646 -0.23720201]
147
0.020790815353393555
[-0.09722846  0.45106837  0.10871468] 38.54080551479639 59.06169893301684
======================
[v,w] [ 0.31003286 -0.03793629]
148
0.019878864288330078
[-0.08412031  0.38956771  0.10735028] 38.9393519062853 59.16904921573986
======================
[v,w] [ 0.41287658 -0.04809686]
149
0.019824981689453125
[-0.04045773  0.31259211  0.08899834] 39.25455129325917 59.258047557695306
======================
[v,w] [0.54310396 0.00859845]
150
0.019693851470947266
[-0.0781008   0.33842028  0.09252032] 39.60186674498002 59.350567875233644
======================
[v,w] [ 0.47042646 -0.00060665]
151
0.020226001739501953
[-0.10960609  0.32484031  0.08430061] 39.94470011863348 59.43486848129448
======================
[v,w] [ 0.44040344 -0.00688069]
152
0.020588159561157227
[-0.09245065  0.19806991  0.07156304] 40.163283769923844 59.50643152203456
======================
[v,w] [ 0.58510469 -0.02763791]
153
0.020914077758789062
[-0.13122483  0.27382894  0.04656704] 40.46693199423367 59.55299856702635
======================
[v,w] [0.4034392  0.07786067]
154
0.0209500789642334
[-0.13279921  0.23530354  0.05955783] 40.73712338500529 59.61255639482534
======================
[v,w] [0.39672695 0.07784379]
155
0.024403095245361328
[-0.0882161   0.12314858  0.07152889] 40.888608212729885 59.684085288377794
======================
[v,w] [0.5128609  0.08800959]
156
0.0263519287109375
[-0.09622589  0.08056854  0.08160827] 41.01411005342141 59.765693553469724
======================
[v,w] [0.48756908 0.11556996]
157
0.02768087387084961
[-0.09873672  0.10207052  0.09379546] 41.15612177697116 59.85948900883257
======================
[v,w] [0.1310772  0.94058516]
158
0.02795696258544922
[-0.11504779  0.03035775  0.49031221] 41.275107438352464 60.34980121835682
======================
[v,w] [ 0.98733542 -1.00000001]
159
0.02236199378967285
[-0.43741223  0.04401768 -0.10596534] 41.714728879593885 60.45576655883083
======================
[v,w] [ 0.15381901 -1.00000001]
160
0.022720813751220703
[-0.4222538  -0.04235822 -0.74181724] 42.139101930844674 61.197583795687585
======================
[v,w] [ 0.09999999 -1.00000001]
161
0.022103071212768555
[-0.32580633 -0.00818647 -1.43787566] 42.46501109860954 62.63545946066357
======================
[v,w] [ 0.09999999 -1.00000001]
162
0.02295398712158203
[-1.98199889e-01  1.20694453e-03 -2.22373069e+00] 42.663214662765405 64.85919014910363
======================
[v,w] [0.09999999 1.00000001]
163
0.021652936935424805
[-0.07965987  0.04434441 -2.07552526] 42.7543854942518 66.93471540509924
======================
[v,w] [0.09999999 1.00000001]
164
0.022803783416748047
[-0.04542841  0.09829647 -1.92509823] 42.86267186032496 68.85981363215303
======================
[v,w] [0.09999999 1.00000001]
165
0.022645950317382812
[ 0.1370799   0.20190526 -1.70427797] 43.10671413365069 70.56409160109222
======================
[v,w] [0.09999999 1.00000001]
166
0.02147197723388672
[ 0.20128639  0.40123153 -1.40303016] 43.555604932988466 71.96712176147014
======================
[v,w] [0.09999999 1.00000001]
167
0.021520137786865234
[ 0.14983419  0.57482617 -1.04197691] 44.14963810885322 73.00909867583654
======================
[v,w] [0.09999999 1.00000001]
168
0.021449804306030273
[ 0.17210877  0.72956347 -0.63456012] 44.899227517873435 73.6436587993791
======================
[v,w] [0.84855797 1.00000001]
169
0.025994062423706055
[-0.1031448   0.61999848 -0.20691217] 45.52774718134854 73.85057097126436
======================
[v,w] [1.         0.99999999]
170
0.023057937622070312
[-0.23578938  0.32993313  0.23388914] 45.93327462209195 74.08446011272484
======================
[v,w] [0.99999999 0.31627532]
171
0.021168947219848633
[-0.16954979  0.01242853  0.34238112] 46.10327932537651 74.42684122888451
======================
[v,w] [ 0.86913097 -0.02760135]
172
0.024411916732788086
[-0.09156291 -0.17925343  0.28936647] 46.30456410102531 74.71620769650465
======================
[v,w] [0.54752945 0.09076308]
173
0.022174835205078125
[ 0.02400806 -0.19336289  0.29300005] 46.49941171608279 75.00920774647662
======================
[v,w] [0.51274095 0.06435434]
174
0.022452116012573242
[ 0.00904763 -0.20723951  0.29508444] 46.706848630644686 75.30429219137051
======================
[v,w] [0.31164557 0.36375831]
175
0.022574901580810547
[ 0.13113063 -0.11341139  0.45224033] 46.88021928483541 75.75653252271354
======================
[v,w] [ 0.64345933 -0.04646277]
176
0.023389816284179688
[ 0.2747096  -0.23426059  0.39796964] 47.24125028863643 76.15450216536408
======================
[v,w] [0.09999999 0.19271532]
177
0.03654909133911133
[ 0.28035438 -0.01959636  0.4656392 ] 47.52228871424113 76.62014136797755
======================
[v,w] [ 0.47932585 -1.        ]
178
0.02236318588256836
[ 0.38042815 -0.0135144  -0.07574891] 47.90295682910361 76.69589027744709
======================
[v,w] [ 0.79259988 -0.32339121]
179
0.02123427391052246
[ 0.39617818 -0.18402559 -0.2778078 ] 48.33978925506336 76.97369807260355
======================
[v,w] [0.63638657 0.28843635]
180
0.023478031158447266
[ 0.29714065 -0.20621543 -0.17846839] 48.70147609651994 77.15216646120064
======================
[v,w] [0.42993233 0.35411714]
181
0.02182316780090332
[ 0.2202449  -0.2038196  -0.06506912] 49.001559829498056 77.21723557743336
======================
[v,w] [0.26398481 0.37417447]
182
0.02134108543395996
[ 0.18522367 -0.18791479  0.04636579] 49.2654154285501 77.26360136524931
======================
[v,w] [0.15218254 0.39609308]
183
0.021441936492919922
[ 0.19035801 -0.13699758  0.14215491] 49.499945827983154 77.40575627873214
======================
[v,w] [0.10990281 0.45474537]
184
0.021589279174804688
[ 0.11075271 -0.03041233  0.23051703] 49.61479822420947 77.63627331312945
======================
[v,w] [0.20017047 0.56106675]
185
0.0207369327545166
[0.12999626 0.01177785 0.31292405] 49.74532693733787 77.94919736153807
======================
[v,w] [0.15027022 0.63362659]
186
0.023128986358642578
[ 0.08397319 -0.01325352  0.34762426] 49.83033959954311 78.29682161720302
======================
[v,w] [0.10000209 0.68328384]
187
0.022272109985351562
[0.09312577 0.04645042 0.34264073] 49.934407125790855 78.63946234716089
======================
[v,w] [0.14731001 0.5329202 ]
188
0.020364046096801758
[0.05208635 0.10091525 0.25188152] 50.04797153369579 78.89134387200589
======================
[v,w] [0.26678761 0.37102661]
189
0.0198211669921875
[0.058777   0.14318433 0.15158994] 50.202750368596085 79.04293381033206
======================
[v,w] [0.28460043 0.26568741]
190
0.02274608612060547
[0.17410092 0.1130899  0.0780464 ] 50.41035686110179 79.12098021349061
======================
[v,w] [0.17891909 0.36234002]
191
0.019936800003051758
[0.13914581 0.11290831 0.11977147] 50.58954904980451 79.24075168741795
======================
[v,w] [0.34878386 0.16298694]
192
0.01935410499572754
[0.179833   0.19228457 0.10137979] 50.85282317557983 79.34213147714287
======================
[v,w] [0.30301259 0.10761706]
193
0.019835233688354492
[0.13868302 0.16414927 0.08465703] 51.06771375969351 79.42678850696954
======================
[v,w] [0.45275203 0.06023894]
194
0.022617101669311523
[0.08068335 0.1744191  0.06858786] 51.259890310038784 79.4953763691807
======================
[v,w] [ 0.54823658 -0.03303258]
195
0.02253103256225586
[0.05149576 0.21728978 0.01751532] 51.48319875709187 79.51289168997
======================
[v,w] [ 0.56532366 -0.03574828]
196
0.02065300941467285
[ 0.06393607  0.25583229 -0.02500841] 51.74689930788258 79.53790009865502
======================
[v,w] [0.55005403 0.01112905]
197
0.021056175231933594
[ 0.08523862  0.2819674  -0.03751407] 52.04146888862799 79.57541416904701
======================
[v,w] [0.52777639 0.02314854]
198
0.020920991897583008
[ 0.08400556  0.31803696 -0.03852102] 52.370413326640154 79.61393518696322
======================
[v,w] [ 0.49323014 -0.0256562 ]
199
0.0208590030670166
[ 0.12852435  0.27577286 -0.065189  ] 52.67466516161544 79.67912418825955
======================
[v,w] [0.5194743  0.09716681]
200
0.023133039474487305
[ 0.13145239  0.23485734 -0.0174363 ] 52.9438076903986 79.69656048553196
======================
[v,w] [0.56513443 0.01354565]
201
0.02084493637084961
[ 0.13250228  0.21358614 -0.00746653] 53.195155845676595 79.70402701417028
======================
[v,w] [ 0.57125753 -0.0181679 ]
202
0.021589994430541992
[ 0.15572503  0.23360116 -0.00536671] 53.47590446413364 79.70939372892259
======================
[v,w] [ 0.49270422 -0.03905612]
203
0.022137880325317383
[ 0.20872617  0.14918215 -0.01457479] 53.73246231077929 79.72396852390429
======================
[v,w] [0.50718741 0.08879462]
204
0.022613048553466797
[0.20034804 0.11314833 0.05057049] 53.96255334301776 79.7745390097508
======================
[v,w] [ 0.53538982 -0.08245734]
205
0.02241992950439453
[0.21935293 0.11409501 0.02959008] 54.20980499369142 79.80412909089273
======================
[v,w] [ 0.45102895 -0.09365895]
206
0.02073216438293457
[0.21643451 0.21621868 0.01406563] 54.515737035323696 79.81819472578398
======================
[v,w] [ 0.21576083 -0.25234469]
207
0.021173715591430664
[ 0.14585001  0.10191493 -0.06469775] 54.693666455234556 79.88289248022042
======================
[v,w] [ 0.33319117 -0.24003393]
208
0.02133774757385254
[ 0.22233404  0.14106817 -0.11859715] 54.956977397375375 80.00148963236404
======================
[v,w] [ 0.1159139  -0.30963375]
209
0.022027969360351562
[ 0.12821726 -0.00208387 -0.18216119] 55.08521158794269 80.18365082569389
======================
[v,w] [ 0.2810734  -0.40308582]
210
0.022372007369995117
[ 0.18234483 -0.06542868 -0.24419809] 55.27893961569262 80.4278489164914
======================
[v,w] [ 0.10697849 -0.53774161]
211
0.02348017692565918
[ 0.09535255 -0.11852336 -0.31004653] 55.43105764601626 80.73789545122763
======================
[v,w] [ 0.11100648 -0.65441364]
212
0.023182153701782227
[ 0.04365111 -0.18892079 -0.35797305] 